100
968640748 931447580 1065056602 985418134 1658569941 1248842535 1038990116 1075281487 1870838138 1306713610 1462713882 1564949994 143322645 1059060544 1165195953 374614973 527422843 1118799009 1151073462 973956297 1026965948 1696466081 1515553887 343276472 799291603 1442506204 419311814 1883152049 674654794 995763384 1581185683 1413954920 210009767 527186119 873784763 1568857423 398758768 1921292934 879199181 1899969134 960126831 1012121967 1679935056 653835262 844167963 1384296489 1004381848 1296633187 1885239605 289969099 349815320 724421781 1348821289 539030317 976070688 227074378 1818228138 368842778 110280639 396855193 977175695 671237523 1034182579 51985079 11572394 996693387 1785639553 713671621 1026076772 1447971174 1905823102 1212048729 456008137 1424589497 1195267483 268400649 265782777 275385422 1687703165 868693459 367026283 1158903555 1119863725 300444417 1210869144 1353181356 110404094 901852889 1294253246 1959427355 783839416 38144665 1159655950 1027526346 153531828 87204992 1170369851 625262929 1023487504 1117114457
1 2
1 3
1 5
1 44
2 12
2 51
2 99
3 4
3 7
3 19
3 24
3 41
4 6
4 8
4 13
4 57
4 61
4 81
5 9
5 10
5 21
5 23
5 40
5 55
5 97
6 36
7 11
7 32
8 15
8 25
9 50
10 14
10 28
10 73
11 22
11 26
12 16
12 18
13 30
13 31
13 93
14 34
15 17
15 29
15 69
15 77
17 20
17 65
18 38
19 39
19 64
20 56
20 79
21 33
22 27
23 46
23 94
25 98
26 43
26 48
26 62
26 92
27 71
29 67
30 66
30 80
31 35
31 88
34 37
36 45
37 95
38 72
39 53
39 59
39 60
40 52
40 75
41 42
42 78
43 49
46 47
47 63
49 68
49 85
49 96
52 54
52 76
53 58
55 82
59 89
64 70
68 84
71 83
72 74
73 86
78 87
82 91
84 90
85 100
