300
1874045357 61024771 1874868345 1081830742 950835118 1114425197 378686178 1748675422 158009567 1621713346 543720049 505524836 285583279 782861219 1216605385 133355579 1039231462 1973682519 1280700632 1008684965 344903990 884270109 1014632242 1418213142 1778882804 293114832 162750574 1092881711 268504553 853535267 45294384 1012113421 1284710923 212057620 1299107922 1442694139 541491827 1139921406 358178395 1181529375 668438641 1962710441 1992613300 295448451 797474698 1135027348 1763367105 1220985637 1197944877 1155994366 1728851746 222936821 1758012873 400170084 292209565 1749469807 1285819483 1526501274 882978040 1214627718 1509693587 1603800619 501372748 128988894 1602318603 1369964853 547737872 342627792 60770832 965883632 929229781 1325444243 489733619 731884126 903248092 583148284 960011264 1972669754 1359904398 1469518733 1257183465 363215216 836370834 505416276 1151576696 1610638187 568579223 280774083 1973155509 1306158685 573368342 510035297 1525223396 1398174617 1945217817 1861958833 403479666 1751238976 715000024 666349218 1804354171 1975221054 1050514237 1664473140 1100509186 1121539747 1178883058 813858379 1881499403 1806625650 1436191463 1779185929 1601234622 1483807413 356080677 111167643 1777554980 1796486538 1369334082 19327006 224759869 343769267 192706982 80368794 406640039 141737405 334098709 666341559 578627262 922073965 1720505042 1750138117 1111428280 288176741 881854824 1131656428 1819987893 1465318961 921964941 1831478251 980228935 979851795 467418060 483173647 194019428 363513473 511902837 1071996521 268273887 650339298 314103096 1103491946 1920127458 350211522 57890357 571877770 300872677 793066390 1225124443 198912738 1935594944 1498893550 784738426 714549380 1574967720 1476520307 1952303172 252192044 144899699 584720242 950340176 239917100 958984142 864285405 1980549525 1773553915 1452263148 1088582396 1135473710 1069301280 209772196 1604658451 1275700547 553563758 1283348706 705448969 1944846084 979161681 301026528 1479848845 553410956 533439377 319289130 1875370079 27501908 304312758 30998527 751842077 1473833451 1613173401 195975837 1993720306 150872132 435877510 1698099342 1664084387 347413636 212908142 1874059955 1885451722 149021415 549513800 286851249 278530152 577235980 1844340702 400718789 1905029409 1862697598 934534775 1011349656 792066362 1435713477 76148370 40507301 413136130 290184390 139122673 1062788926 818081707 1772621738 1371212680 850163444 1254454968 1047815840 900906974 1941677877 1189954760 288819808 1562075126 1072197230 238103381 671192777 766168504 1164030388 1273983104 1300190684 678041719 1072712083 511783151 1841116348 506784393 750359585 1123843051 200495949 1308884070 1291620517 533908316 1858194335 1106473483 750023296 1663458505 41816347 386731995 834094901 1615666071 1468629668 927319927 1831413251 1065159813 923092116 141492094 1272652143 1804239845 887120999 1362486673 596717306 404206927 998329485 1769562078 512354482 445503321 53461396 973055560 1220389042 1396700547 1344195877 201019253 547095464 1148518796 1575065876 313200573 1358738350 974446521 848782677 272470126 954890503 641081516 134444153 1444568441
1 2
1 3
1 6
1 8
1 10
1 15
1 82
1 157
2 4
2 11
2 21
2 30
2 68
2 101
2 180
2 281
3 18
3 41
3 42
3 148
4 5
4 12
4 26
4 73
4 80
4 154
4 267
6 7
6 61
6 111
6 248
7 9
7 14
7 16
8 54
8 102
9 20
9 38
9 45
9 71
9 81
9 149
9 204
10 13
10 117
11 94
11 295
12 19
12 24
12 36
12 49
13 23
13 37
13 155
14 34
14 79
14 234
15 25
15 189
16 17
16 116
17 122
18 107
18 268
19 39
19 75
19 162
20 150
21 22
21 35
21 51
21 161
22 91
22 98
22 133
22 244
23 27
23 28
23 32
24 132
24 184
25 29
25 171
25 291
26 254
27 58
27 278
28 52
28 60
28 114
29 31
29 66
29 130
29 250
29 261
30 33
30 48
30 53
30 59
30 299
31 90
32 95
32 137
32 226
32 245
34 223
35 40
35 297
36 46
36 88
36 120
36 121
37 47
37 76
38 108
39 69
39 289
40 44
40 55
40 62
40 183
41 57
41 86
41 96
42 43
42 87
43 63
43 213
43 232
45 156
45 221
46 50
47 139
49 77
49 123
49 227
50 84
51 74
51 85
51 178
51 200
51 202
52 105
53 56
53 97
53 167
53 240
53 276
54 65
55 64
55 72
55 220
55 270
56 212
57 194
58 103
59 109
60 70
61 99
61 100
64 118
64 143
65 67
66 124
67 93
67 131
67 144
67 293
69 249
69 271
69 298
71 112
72 125
73 136
73 160
74 92
74 258
77 78
77 104
77 127
77 259
78 145
78 222
79 83
80 128
80 243
81 272
84 186
84 263
85 89
86 275
87 106
87 135
88 134
88 190
90 159
91 206
92 169
93 252
96 163
98 265
99 179
100 126
100 129
100 172
101 113
101 119
103 188
104 140
104 182
104 207
105 115
106 110
106 260
109 141
109 197
109 262
113 158
114 277
114 294
115 170
116 151
118 142
119 165
119 219
120 146
120 274
121 138
121 199
121 210
122 181
122 209
125 174
126 164
126 287
129 168
129 233
133 196
133 282
136 224
139 153
139 185
140 175
143 192
144 147
147 152
149 211
149 251
150 166
152 191
154 235
155 187
155 218
156 193
156 242
157 195
158 176
159 225
162 173
162 214
164 177
168 229
175 201
175 247
175 280
175 284
176 215
179 246
180 273
181 288
183 283
186 239
187 198
190 237
190 238
194 216
195 203
195 253
199 205
200 217
200 257
202 228
204 231
204 264
205 208
205 279
216 236
222 285
223 230
225 286
227 269
229 255
231 290
232 266
236 296
239 256
240 241
260 300
265 292
