500
1876679684 1855360022 947384522 608086632 145655909 1204254283 762520713 228516736 105780318 579991432 1135668821 35234334 95072697 103996425 1451029185 1439337656 614671595 64512552 1111033374 1824463491 142414581 1898517151 961658777 28171788 378616192 1549237657 354560309 107146568 423716545 641510313 1906851355 1311870127 1610080833 911278996 1901979742 1775437493 725868174 289731265 1931127724 1070355683 1152388140 1685525516 1904012233 925111990 1850951897 321622330 1694443080 997511000 1885316367 1618347223 664074416 1088063211 389682292 1111439981 1092203288 916562841 1281632326 1234773535 121523546 536974417 563051648 1424389436 398446233 1055933405 1259360589 1336126302 1464602337 1879448061 1844224788 1336013460 1282535523 662926313 743229555 1634507177 1018351080 1269025071 1467538527 969504858 898438420 459639894 1682456852 985300080 903324967 1441307747 1915210543 368005607 951018979 337836030 343164496 1991455427 1478291204 1042163054 1142675918 1042336559 550611420 1572174673 283119541 59333968 294902895 166637694 659628519 488373910 900213613 158712929 1492794959 1695383371 672518751 802476086 1748223974 1729320515 185777652 1615134728 1106547589 404040129 1251231551 129219697 560656351 1034908931 1399297468 748469895 993819169 55341768 995135455 1488634436 1682787282 938113196 922424761 430091812 717891482 173082902 393092812 1552063987 1082406652 121029367 1577299539 163489546 1192163586 1485011363 693915923 1755994574 615803116 505487235 1296073812 1465040292 1594879577 1563420372 211762568 352113377 1957359341 1932295570 1761256976 1577774880 1434054034 1184518249 1647753378 878757834 1347830930 129923471 673755886 167144866 385289666 946710146 886680565 1043482221 589045558 500770472 1863071020 1249265774 502633034 1398558024 1898341841 365339834 1890721750 1999290111 302993454 1927794081 55247895 1622981736 491025959 829759644 366487979 1251022376 727580905 258143733 224006073 943465332 974005243 491503113 313724167 1202101736 1776034758 64257190 1529950385 400277310 1616592635 1547905127 1787252361 699684956 1344457704 1721879643 1633603932 1883747681 753281839 268711184 394320002 753819301 172595638 612252708 776407793 1127678804 1297921132 1172540165 837291449 682080532 384793991 568594735 884799515 1341386795 1716532960 543039065 765304900 219671138 1801860289 1920684358 612523663 1297207403 772465481 1595471654 1351197101 1753856395 998124706 1612602673 862062713 383566100 1445783918 1494839783 525174339 963500117 371425505 578927336 548242935 1536680938 958999710 1390798962 1629426340 1835318084 1436772261 863957988 96563048 1166478309 1623782045 1636035403 493872270 1235734736 1728158128 1690792967 314724824 425538837 359891091 833404664 1060031249 678172061 1296215157 281678582 1460993880 1490461309 528755169 1453998345 124996424 273435006 1306685815 1969646712 4918828 1525844946 130211900 938846512 698478597 446605561 347102952 763097228 1149858345 883997112 371808631 693555304 1413453045 562622847 1657903494 513431298 1632790231 1390678086 133879086 982464503 986030592 1711118433 1084093943 811375789 659024941 836227113 1906672008 1264110939 911975367 1728742404 1591262672 1324004476 656965089 765889758 722040258 1376270077 960797060 1378211042 967078719 657172095 1844449236 712149581 1907453849 1201819664 802320103 1528100267 741556673 199949146 1662510010 874596877 716453019 1037109823 3567087 1186533547 379245083 1392079032 1153447151 309369966 1817801011 1950979046 807898143 418192474 1945000989 687107115 1922736412 565917011 396439904 145328631 1965560984 2754987 1130122175 439077846 1475714141 974524743 1136575265 861719681 525375284 810702041 1894010060 1547419442 418340416 986219737 455635831 1138992302 1127358117 1650851220 989796833 146740337 1939926061 1776632259 1641887534 1915672915 73614540 1868994842 592504933 1198503310 375812253 260151528 1548528894 670459360 279731989 1257110660 129492513 187933499 275419512 1546384999 1186878301 827693613 1780597353 1574206618 1372090259 826104859 456191450 900505528 965259019 1317177875 1270463661 799976322 104689806 482804123 1559544712 1067536118 10368862 154136148 1943465433 477895361 1795276928 1899916361 1769388213 668209636 729214606 1030994861 197356916 786647990 1758046068 1283188859 122267682 1581748397 1010113277 1512793894 1537456047 1629636101 1045606335 204495081 1959624850 802815828 534012996 1068108051 1419907806 833140865 1364569995 1015809117 440940804 222782021 1844115207 1910527060 965002418 649566811 813727762 1165855134 76315858 1855618283 123785625 1253075108 1369242272 492304366 954985039 1568544508 658365208 1515132941 1375928328 375389751 49075933 441322136 1306650369 1159700845 1616872286 1282660588 917699706 1169042074 1760946442 158268248 782316695 1773513354 392856326 1414599635 1460430324 420931155 1204498290 1248296692 1296990843 1211508161 1075335269 231443611 551792991 36252699 775257513 1822338131 1226441324 1437210116 77071114 1873363234 723320923 1371410421 468330914 803179115 1485209738 650009935 1622679245 1156865900 1880504781 1797827829 1821549993 1552060536 1193679442 651553609 323514423 197590999 1709373251 906733675 384376341 1014402651 428421209 131375450 944187848 1758994411 230113095 252514084
1 2
1 3
1 4
1 6
1 10
1 26
1 211
2 11
2 13
2 24
2 25
2 185
2 223
3 14
3 63
4 5
4 7
4 35
4 245
4 443
5 12
5 16
5 21
5 45
5 98
5 171
6 53
6 116
6 125
6 190
7 8
7 20
7 44
7 57
8 9
8 15
8 55
8 73
8 134
8 228
8 350
9 39
9 95
10 17
10 94
10 106
10 157
11 58
11 130
12 18
13 23
13 43
13 126
13 129
13 241
14 110
14 330
15 32
15 46
15 49
15 96
15 321
16 19
16 27
16 315
17 401
18 29
18 50
18 76
18 80
18 105
19 30
19 34
19 54
19 355
20 52
20 92
20 151
20 416
21 22
21 365
22 31
23 28
23 173
23 204
23 209
24 308
25 60
25 62
25 119
25 174
26 38
26 78
26 97
26 109
26 155
26 202
26 277
26 403
27 253
28 51
28 146
29 164
29 237
30 59
31 33
31 41
32 244
33 37
33 402
34 192
34 210
34 298
34 336
34 357
34 499
35 36
35 61
35 67
35 137
35 376
35 426
36 56
37 47
37 168
37 179
37 320
38 71
38 170
38 305
38 334
39 40
39 84
39 112
39 261
40 42
40 77
40 79
40 271
41 48
41 191
42 111
42 407
43 65
43 72
43 82
43 133
43 162
43 287
45 131
45 148
46 91
46 199
47 75
47 93
48 123
48 139
48 240
49 246
50 135
50 318
51 87
52 68
52 145
52 200
53 69
53 243
53 398
54 85
55 64
56 150
56 160
57 379
58 74
58 107
58 136
58 167
58 217
58 247
59 70
59 88
59 120
59 184
60 490
60 495
61 81
61 215
61 432
63 275
64 66
64 102
64 231
65 103
65 180
67 83
67 117
67 255
68 201
69 194
69 460
69 496
71 113
74 314
75 128
75 197
75 218
76 434
76 449
77 89
77 195
77 438
77 454
79 86
79 90
80 140
80 176
81 230
81 265
81 329
82 278
83 207
83 371
83 400
84 159
84 188
85 99
85 101
85 186
85 235
86 100
86 154
86 361
88 276
88 436
89 147
93 138
94 203
94 470
95 285
95 352
96 182
98 205
98 226
99 317
101 142
101 158
101 422
102 121
103 104
104 127
104 389
105 196
106 108
106 115
106 396
107 118
109 114
110 144
110 486
112 380
112 458
113 153
113 177
113 279
114 132
114 346
114 375
114 465
115 369
116 363
116 414
116 421
116 451
117 122
117 268
117 299
117 435
118 362
119 175
120 124
120 254
121 250
122 156
122 219
122 342
123 141
125 172
126 274
126 452
127 238
127 258
127 481
131 187
131 232
131 273
131 412
132 213
132 286
133 290
134 221
134 224
135 169
135 193
135 324
137 143
137 293
137 441
138 183
138 227
138 302
138 406
139 392
141 161
141 345
142 149
142 301
142 374
144 198
146 351
146 420
147 152
147 165
147 166
149 208
149 309
149 394
149 447
150 297
150 303
152 262
152 462
154 264
155 378
157 163
159 260
159 319
161 181
162 478
163 311
167 446
167 483
168 216
168 263
169 331
169 487
170 281
171 313
171 316
172 461
173 178
173 385
174 424
175 189
176 280
178 212
179 333
182 206
184 214
185 307
185 472
190 322
190 491
195 429
198 225
199 323
200 222
200 291
201 354
203 266
203 455
204 256
205 358
208 239
211 339
212 233
212 474
213 364
214 356
215 337
216 229
216 360
216 419
217 249
219 220
219 295
219 372
219 442
221 306
223 448
224 234
224 270
225 236
225 479
226 282
226 384
227 251
228 431
229 300
229 439
229 464
229 469
230 485
231 463
232 242
233 248
235 294
236 267
236 312
236 427
237 269
237 283
237 497
238 252
238 417
243 272
243 493
244 257
246 415
247 425
248 284
248 326
248 348
250 393
251 340
253 259
253 343
256 387
257 390
258 366
258 409
262 328
264 310
265 377
268 489
269 292
275 289
275 391
275 450
278 288
278 332
279 347
280 325
280 368
283 296
284 304
285 498
287 373
288 381
289 353
292 468
297 453
300 338
303 404
311 456
311 471
312 405
313 418
314 327
316 413
317 411
317 423
319 494
324 335
324 383
327 344
327 444
328 382
328 410
333 386
337 395
337 475
338 341
340 467
347 349
351 359
354 370
356 399
358 408
361 457
362 473
363 367
367 397
384 388
384 430
389 428
399 480
407 433
410 440
423 484
431 459
431 476
434 437
436 445
440 488
452 477
457 466
460 482
464 500
478 492
